W1,W2,E1,E2,M1,M2,U1,V1,V2,A1,A2,G1_1,G1_2,G2_1,G2_2
5.497377395629883,12.528770446777344,5.543593406677246,12.509405136108398,5.57057523727417,12.463456153869629,12.510587692260742,12.463888168334961,12.461379051208496,0.029956765472888947,0.02981707826256752,2.7581052780151367,18.81516456604004,2.7687618732452393,18.76338005065918
15.664058685302734,31.617374420166016,15.333401679992676,31.151304244995117,35.842445373535156,44.809722900390625,22.57396125793457,31.247711181640625,66.37159729003906,0.0004585466522257775,0.0004487832775339484,116.4087142944336,34.2208137512207,129.5209503173828,68.58018493652344
13.892602920532227,57.91337585449219,13.559560775756836,57.55878829956055,101.25922393798828,200.15133666992188,37.46494674682617,38.028743743896484,220.1019287109375,0.00045936668175272644,0.0004593663616105914,201.18194580078125,40.39229202270508,292.7853698730469,220.82244873046875
13.871503829956055,81.6635513305664,13.500309944152832,81.45913696289062,187.36705017089844,399.3206787109375,47.09077072143555,42.140892028808594,418.70355224609375,0.00045936633250676095,0.0004593653720803559,318.2666931152344,44.21387481689453,463.2904052734375,419.10693359375
13.811821937561035,98.72618103027344,13.461773872375488,98.57490539550781,266.93890380859375,570.2228393554688,56.847137451171875,47.7976188659668,590.2569580078125,0.00045913271605968475,0.00045768730342388153,438.2477111816406,49.62539291381836,562.691162109375,590.58154296875
14.073185920715332,116.39329528808594,13.703901290893555,116.28512573242188,355.2237548828125,786.0745239257812,65.5395736694336,53.77973556518555,776.1762084960938,0.000458942202385515,0.00045689259422942996,576.3436889648438,55.389522552490234,678.4591064453125,776.4529418945312
14.141962051391602,137.89686584472656,13.713119506835938,137.810791015625,450.0721740722656,983.4385375976562,72.353515625,60.08724594116211,955.4599609375,0.00045926152961328626,0.0004577050858642906,718.8946533203125,61.51664733886719,817.8436889648438,955.70849609375
14.326602935791016,157.20663452148438,13.984732627868652,157.119140625,547.397705078125,1153.0162353515625,79.22494506835938,67.78984069824219,1101.4486083984375,0.00045922433491796255,0.0004577750514727086,859.9547119140625,69.02757263183594,951.7189331054688,1101.694091796875
14.703049659729004,182.39759826660156,14.401616096496582,182.33082580566406,642.22314453125,1285.984130859375,87.1287841796875,75.80697631835938,1234.031005859375,0.00045933545334264636,0.0004592045152094215,1008.5171508789062,76.90773010253906,1086.375244140625,1234.268798828125
14.566813468933105,206.42465209960938,14.240925788879395,206.38548278808594,735.3612060546875,1442.87451171875,95.14769744873047,82.7195816040039,1395.9764404296875,0.00045856088399887085,0.0004549069853965193,1151.44384765625,83.70498657226562,1230.5196533203125,1396.1751708984375
14.653794288635254,227.47052001953125,14.342409133911133,227.4414520263672,824.332763671875,1620.313720703125,103.2546615600586,90.38301849365234,1567.2691650390625,0.00045925137237645686,0.000458577589597553,1290.0731201171875,91.25608825683594,1369.3968505859375,1567.4287109375
14.695992469787598,245.3690185546875,14.360760688781738,245.3484649658203,905.4086303710938,1810.408203125,110.26119232177734,97.20543670654297,1748.7506103515625,0.00045909019536338747,0.0004552264872472733,1417.07568359375,97.97871398925781,1513.566650390625,1748.8551025390625
14.596880912780762,264.8634033203125,14.284259796142578,264.84771728515625,975.6282348632812,2013.8466796875,117.57843780517578,104.87359619140625,1935.7816162109375,0.00045932800276204944,0.0004591752658598125,1536.2049560546875,105.54594421386719,1667.7916259765625,1935.839599609375
14.583344459533691,283.89666748046875,14.269743919372559,283.8838195800781,1036.449462890625,2212.541748046875,126.36091613769531,113.7326889038086,2114.579345703125,0.00045901600969955325,0.0004501024086493999,1646.3236083984375,114.31482696533203,1825.42431640625,2114.59423828125
14.834859848022461,304.59503173828125,14.519474029541016,304.5693054199219,1095.3428955078125,2421.479736328125,136.22340393066406,123.53727722167969,2301.619140625,0.00045669282553717494,0.00044431674177758396,1752.8345947265625,124.03208923339844,1998.81103515625,2301.607666015625
14.986905097961426,322.6449890136719,14.706827163696289,322.6224060058594,1160.495849609375,2636.689697265625,145.4165496826172,134.0650634765625,2501.035888671875,0.000459042756119743,0.000457676564110443,1848.4044189453125,134.47677612304688,2171.947509765625,2501.000244140625
15.178369522094727,339.87811279296875,14.889378547668457,339.8691711425781,1230.061279296875,2858.268798828125,155.6239776611328,144.233154296875,2711.469970703125,0.0004593348130583763,0.00045922808931209147,1947.22412109375,144.5856475830078,2340.36962890625,2711.416748046875
15.340675354003906,354.6338195800781,15.086298942565918,354.63690185546875,1295.461181640625,3084.0126953125,165.5769805908203,153.60391235351562,2931.31494140625,0.0004584108537528664,0.0004537467029877007,2045.2591552734375,153.9259033203125,2501.6884765625,2931.25048828125
15.528895378112793,368.1251525878906,15.297674179077148,368.136474609375,1353.57470703125,3301.370849609375,174.6659698486328,163.0911102294922,3150.798095703125,0.00045833492185920477,0.00045119618880562484,2146.364013671875,163.35401916503906,2660.845947265625,3150.7255859375
15.816766738891602,381.928466796875,15.613592147827148,381.9361267089844,1405.4256591796875,3515.419677734375,181.35609436035156,171.2471466064453,3369.783203125,0.00045931138447485864,0.00045809143921360373,2241.0234375,171.48605346679688,2829.580810546875,3369.70703125
15.740503311157227,397.8581848144531,15.579419136047363,397.869873046875,1460.4500732421875,3725.39501953125,188.72938537597656,179.11331176757812,3584.831298828125,0.000459313829196617,0.000458738359156996,2338.305419921875,179.33128356933594,2998.299072265625,3584.75048828125
15.741198539733887,414.5242004394531,15.639206886291504,414.5332946777344,1512.6298828125,3921.7275390625,194.99513244628906,184.85595703125,3789.89697265625,0.0004593666235450655,0.0004593663616105914,2436.568603515625,185.07315063476562,3162.44140625,3789.814697265625
15.794502258300781,434.4695739746094,15.727190017700195,434.4794921875,1558.8204345703125,4113.22412109375,199.0197296142578,189.68035888671875,3990.344482421875,0.00045895081711933017,0.0004482023941818625,2528.222900390625,189.90878295898438,3327.146484375,3990.260498046875
15.774762153625488,450.3801574707031,15.745488166809082,450.39056396484375,1597.25537109375,4301.08056640625,202.91781616210938,190.41685485839844,4191.17724609375,0.0004589289310388267,0.00045163731556385756,2604.0712890625,190.65382385253906,3472.17724609375,4191.08740234375
16.078197479248047,463.4812316894531,15.977892875671387,463.4861755371094,1634.6483154296875,4505.4326171875,204.58567810058594,195.04312133789062,4403.07373046875,0.0004587968869600445,0.00044637505197897553,2674.3359375,195.26309204101562,3635.0751953125,4402.97900390625
16.21245765686035,471.6929931640625,16.21462631225586,471.7069396972656,1665.82421875,4558.0322265625,203.25515747070312,198.3565216064453,4481.31591796875,0.00045913696521893144,0.00045755962491966784,2711.876708984375,198.5812530517578,3639.933349609375,4481.21728515625
15.162115097045898,484.7326965332031,15.320363998413086,484.75213623046875,1696.5572509765625,4554.14404296875,206.76194763183594,199.58331298828125,4531.8505859375,0.00045919811236672103,0.00045906598097644746,2744.697021484375,199.83116149902344,3601.04248046875,4531.75048828125
15.17621898651123,501.993896484375,15.368058204650879,502.0168762207031,1725.0997314453125,4579.693359375,210.37388610839844,200.97462463378906,4594.38427734375,0.00045878454693593085,0.00045219139428809285,2775.119384765625,201.20350646972656,3548.766357421875,4594.28369140625
15.37935733795166,525.6382446289062,15.566191673278809,525.6630249023438,1744.10888671875,4634.14208984375,213.55825805664062,200.65606689453125,4668.85400390625,0.00045854071504436433,0.00044717497075907886,2796.10205078125,200.9014892578125,3500.834228515625,4668.7509765625
15.407925605773926,535.317138671875,15.671833992004395,535.3458862304688,1759.913330078125,4761.80810546875,216.7034149169922,202.25965881347656,4809.53271484375,0.0004585782007779926,0.000453748187283054,2822.373046875,202.49476623535156,3520.05322265625,4809.42626953125
15.34335708618164,542.8029174804688,15.645244598388672,542.8320922851562,1778.694580078125,4895.1884765625,219.6845703125,210.2679443359375,4953.85888671875,0.00045819769729860127,0.0004463586665224284,2853.917236328125,210.49131774902344,3548.134521484375,4953.7509765625
