W_xi,W_hi,b_i,W_xf,W_hf,b_f,W_xc,W_hc,b_c,W_xo,W_ho,b_o,W_hy,b_y
5.53798770904541,12.4505033493042,0.0,5.527499675750732,12.504225730895996,0.0,5.5515031814575195,12.483932495117188,0.0,5.575812339782715,12.516852378845215,0.0,5.522524833679199,0.0
20.575254440307617,109.06006622314453,15.335186958312988,15.850622177124023,84.69071197509766,12.292004585266113,19.39203643798828,95.05033111572266,17.01542854309082,132.3633270263672,170.2138671875,22.262392044067383,144.89122009277344,17.049001693725586
19.285053253173828,113.40933990478516,16.560928344726562,16.913869857788086,103.01651763916016,14.943212509155273,17.899658203125,114.96161651611328,18.399381637573242,117.30872344970703,158.1693878173828,19.48554801940918,135.91064453125,17.699676513671875
16.78097152709961,93.93177795410156,15.533944129943848,13.481523513793945,80.39966583251953,12.236162185668945,21.180326461791992,119.55298614501953,20.068645477294922,122.77638244628906,160.1219940185547,21.335296630859375,138.58575439453125,19.591751098632812
19.570453643798828,114.16046905517578,17.698833465576172,16.71607780456543,99.19537353515625,15.358166694641113,23.64274024963379,108.72897338867188,18.45158576965332,130.63087463378906,164.25372314453125,23.24044418334961,141.20346069335938,22.471149444580078
31.738779067993164,102.0792465209961,16.567415237426758,16.61948585510254,82.39936828613281,13.541248321533203,17.82969093322754,87.29714965820312,15.245928764343262,118.0001220703125,148.3370361328125,23.763484954833984,126.66374969482422,20.526107788085938
16.335582733154297,95.33934020996094,15.673794746398926,14.407000541687012,85.83841705322266,15.002686500549316,19.549623489379883,115.72416687011719,19.363046646118164,124.94830322265625,143.90931701660156,20.021753311157227,143.34182739257812,20.213510513305664
21.628116607666016,127.53113555908203,18.787277221679688,17.941919326782227,111.96916961669922,16.461820602416992,19.42517852783203,124.85368347167969,19.523399353027344,115.77119445800781,207.79150390625,26.643774032592773,139.2550811767578,19.979562759399414
26.650402069091797,94.22772979736328,15.659870147705078,16.056867599487305,76.03459930419922,12.596579551696777,16.961406707763672,85.21063995361328,15.080023765563965,104.54959869384766,139.49282836914062,20.202957153320312,123.5134506225586,18.386266708374023
23.27139663696289,108.63505554199219,15.612753868103027,17.472206115722656,93.84105682373047,13.472000122070312,23.298513412475586,114.18685150146484,18.032804489135742,122.79496765136719,163.99862670898438,19.680137634277344,137.62083435058594,23.493011474609375
17.76759147644043,102.88569641113281,15.271255493164062,15.78731918334961,90.91836547851562,13.97400188446045,16.8052978515625,96.541015625,17.23208236694336,119.65084838867188,159.37051391601562,21.782310485839844,133.2934112548828,19.86608123779297
21.029895782470703,106.78634643554688,16.990034103393555,14.98005199432373,77.03267669677734,12.217202186584473,19.09786605834961,104.72329711914062,17.995418548583984,123.76797485351562,174.79345703125,24.51035499572754,136.71710205078125,20.96994972229004
18.300140380859375,102.30888366699219,16.483806610107422,12.55225944519043,74.62490844726562,12.407175064086914,17.136898040771484,106.94896697998047,17.649967193603516,125.12098693847656,167.6809539794922,23.955371856689453,140.5064239501953,22.517736434936523
17.106306076049805,97.30728912353516,15.18055248260498,13.737814903259277,81.53474426269531,12.25558090209961,17.617212295532227,90.28057098388672,15.379203796386719,118.36396789550781,132.59400939941406,18.34323501586914,131.3214111328125,17.923471450805664
25.736040115356445,143.777587890625,19.20994758605957,21.20841407775879,125.37037658691406,17.468578338623047,25.096982955932617,136.2302703857422,21.41200828552246,137.64060974121094,216.63284301757812,27.08543586730957,141.42221069335938,19.216310501098633
28.537174224853516,98.89849853515625,16.256649017333984,14.734517097473145,86.08363342285156,14.890510559082031,15.823203086853027,89.40613555908203,16.701387405395508,112.13746643066406,165.2389678955078,24.38709259033203,131.46336364746094,18.655059814453125
21.52284812927246,130.07125854492188,17.823823928833008,19.03175926208496,111.14080810546875,16.13157844543457,24.04899787902832,120.49623107910156,18.462604522705078,125.83990478515625,192.9137420654297,26.38390350341797,143.13035583496094,21.764925003051758
23.707408905029297,120.23994445800781,17.58268928527832,18.686595916748047,100.01091003417969,14.880607604980469,23.59395408630371,110.58704376220703,19.24790382385254,125.67011260986328,185.49691772460938,23.13454818725586,138.3417205810547,16.441621780395508
18.91693878173828,105.24146270751953,16.499860763549805,14.23678970336914,82.49393463134766,12.691329002380371,18.65498924255371,105.55712127685547,17.16101837158203,118.76748657226562,153.29324340820312,19.527254104614258,133.0926971435547,15.61838150024414
18.576873779296875,104.1741714477539,14.671833038330078,13.871612548828125,83.6977767944336,12.498473167419434,16.554994583129883,96.38134002685547,16.48854637145996,107.76802062988281,143.4067840576172,18.893878936767578,129.75587463378906,17.88100242614746
21.294387817382812,121.49034118652344,18.312576293945312,18.70468521118164,104.84078216552734,16.023319244384766,39.89102554321289,129.9873046875,20.047029495239258,128.81146240234375,185.83126831054688,25.01923370361328,143.49574279785156,16.963096618652344
22.5411319732666,118.99503326416016,17.42438316345215,16.57367706298828,96.16597747802734,13.596102714538574,23.00586700439453,119.61106872558594,20.91045570373535,141.66311645507812,176.989013671875,21.60738182067871,147.44210815429688,19.374849319458008
23.19816017150879,94.07289123535156,13.963479995727539,16.766300201416016,79.20551300048828,12.636527061462402,18.49383544921875,88.47966003417969,16.156808853149414,121.99751281738281,153.4266357421875,20.47361946105957,126.68881225585938,18.648208618164062
23.437583923339844,106.85964965820312,17.1446475982666,18.15141487121582,98.06853485107422,14.429500579833984,22.86501693725586,117.5328140258789,20.389116287231445,120.2045669555664,157.77957153320312,23.315563201904297,138.40623474121094,20.178340911865234
17.943368911743164,96.85215759277344,17.15216064453125,11.764839172363281,68.6170654296875,11.016158103942871,20.0905818939209,98.41673278808594,18.041032791137695,117.79663848876953,152.28585815429688,21.595848083496094,129.4107666015625,18.10079002380371
49.53523254394531,128.6105194091797,19.353734970092773,16.48438262939453,102.57154846191406,15.415376663208008,22.105070114135742,123.97384643554688,20.147680282592773,119.11048126220703,181.912841796875,26.419401168823242,143.75257873535156,21.179821014404297
23.122119903564453,139.50033569335938,17.944250106811523,16.27306365966797,108.665771484375,14.550642013549805,23.304258346557617,136.07498168945312,20.114078521728516,135.35848999023438,194.08177185058594,22.454710006713867,150.46185302734375,23.39276123046875
18.760719299316406,109.25440979003906,16.90171241760254,14.055935859680176,88.99061584472656,12.696484565734863,22.0968074798584,124.58887481689453,20.10272979736328,109.39450073242188,145.51388549804688,20.020158767700195,135.45657348632812,17.84687042236328
31.603330612182617,159.06063842773438,20.521373748779297,22.214111328125,122.2284927368164,14.57872200012207,27.33172035217285,144.87899780273438,18.740676879882812,126.13207244873047,200.16738891601562,26.323625564575195,139.3153839111328,20.873647689819336
20.69662857055664,112.72958374023438,17.184349060058594,15.7988920211792,95.2549057006836,13.463672637939453,16.332746505737305,101.11490631103516,17.737646102905273,109.08506774902344,168.8607635498047,21.22015380859375,132.5187225341797,17.1710147857666
17.39040756225586,88.14320373535156,14.947705268859863,13.920780181884766,73.94511413574219,12.818093299865723,17.835935592651367,88.64470672607422,16.518037796020508,128.4300994873047,145.7594451904297,21.72953987121582,131.70785522460938,22.331012725830078
